1563318025.03 O10 R 4|30001|2265 
1563318027.18 O10 R 4|30002|2265 
1563318029.32 O10 R 4|30003|1008 
1563318031.46 O10 R 4|30004|2 
1563318033.61 O10 R 4|30005|0 
1563318035.75 O10 R 4|30006|431 
1563318037.89 O10 R 4|30007|2238 
1563318040.03 O10 R 4|30008|2240 
1563318042.17 O10 R 4|30009|8982 
1563318044.32 O10 R 4|30010|2202 
1563318046.46 O10 R 4|30011|1110 
1563318048.60 O10 R 4|30012|1072 
1563318050.75 O10 R 4|30013|2217 
1563318052.89 O10 R 4|30014|2249 
1563318055.04 O10 R 4|30015|2249 
1563318057.18 O10 R 4|30016|992 
1563318059.32 O10 R 4|30017|49 
1563318061.46 O10 R 4|30018|0 
1563318063.60 O10 R 4|30019|2019 
1563318065.75 O10 R 4|30020|22 
1563318067.88 O10 R 4|30021|182 
1563318193.62 O10 R 4|30001|2279 
1563318195.77 O10 R 4|30002|2278 
1563318197.91 O10 R 4|30003|1008 
1563318200.05 O10 R 4|30004|2 
1563318202.19 O10 R 4|30005|0 
1563318204.33 O10 R 4|30006|431 
1563318206.47 O10 R 4|30007|2250 
1563318208.62 O10 R 4|30008|2251 
1563318210.76 O10 R 4|30009|9025 
1563318212.91 O10 R 4|30010|2217 
1563318215.05 O10 R 4|30011|1116 
1563318217.20 O10 R 4|30012|1075 
1563318219.34 O10 R 4|30013|2229 
1563318221.48 O10 R 4|30014|2262 
1563318223.63 O10 R 4|30015|2261 
1563318225.77 O10 R 4|30016|992 
1563318227.91 O10 R 4|30017|50 
1563318230.05 O10 R 4|30018|0 
1563318232.20 O10 R 1|30001|2071 2|30001|2069 3|30001|2072 4|30001|2280 
1563318234.45 O10 R 1|30002|2070 2|30002|2068 3|30002|2072 4|30002|2281 
1563318236.71 O10 R 1|30003|1006 2|30003|1005 3|30003|1022 4|30003|1008 
1563318238.97 O10 R 1|30004|2 2|30004|2 3|30004|2 4|30004|2 
1563318241.21 O10 R 1|30005|0 2|30005|0 3|30005|0 4|30005|0 
1563318243.45 O10 R 1|30006|430 2|30006|428 3|30006|431 4|30006|431 
1563318245.71 O10 R 1|30007|2115 2|30007|2033 3|30007|2242 4|30007|2253 
1563318247.96 O10 R 1|30008|2115 2|30008|2029 3|30008|2241 4|30008|2259 
1563318250.22 O10 R 1|30009|8426 2|30009|8074 3|30009|8899 4|30009|9041 
1563318252.48 O10 R 1|30010|2079 2|30010|1991 3|30010|2197 4|30010|2218 
1563318254.73 O10 R 1|30011|1040 2|30011|985 3|30011|1144 4|30011|1115 
1563318256.99 O10 R 1|30012|1012 2|30012|965 3|30012|1039 4|30012|1076 
1563318259.25 O10 R 1|30013|2084 2|30013|1994 3|30013|2226 4|30013|2230 
1563318261.51 O10 R 1|30014|2052 2|30014|2049 3|30014|2055 4|30014|2264 
1563318263.76 O10 R 1|30015|2053 2|30015|2051 3|30015|2060 4|30015|2266 
1563318266.02 O10 R 1|30016|991 2|30016|991 3|30016|992 4|30016|992 
1563318268.27 O10 R 1|30017|53 2|30017|54 3|30017|53 4|30017|50 
1563318270.52 O10 R 1|30018|0 2|30018|0 3|30018|0 4|30018|0 
1563318272.77 O10 R 1|30019|2018 2|30019|2019 3|30019|2019 4|30019|2019 
1563318275.03 O10 R 1|30020|235 2|30020|22 3|30020|22 4|30020|22 
1563318277.27 O10 R 1|30021|1062 2|30021|199 3|30021|209 4|30021|182 
1563385663.34 O10 R 1|30019|-3 2|30019|-3 3|30019|-3 4|30019|-3 
1563385731.95 O10 R 1|30019|-3 3|30019|-3 4|30019|-3 
1563385749.06 O10 R 1|30019|-3 4|30019|-3 
1563385760.47 O10 W 1|40004|1|-3 
1563386539.14 O10 R 1|30019|2018 2|30019|2019 3|30019|2019 4|30019|2019 
1563386558.15 O10 R 1|30004|2 4|30004|2 
1563386890.37 O10 R 1|30004|2 2|30004|2 4|30004|2 
